[gd_scene load_steps=2 format=3 uid="uid://b72hjo0h8mcm6"]

[ext_resource type="PackedScene" uid="uid://b3ag2ldapngtl" path="res://environment/light.tscn" id="1_of4rr"]

[node name="lights" type="Node3D"]

[node name="light3" parent="." instance=ExtResource("1_of4rr")]
transform = Transform3D(-3.57423e-08, -0.575662, 0.817688, -2.5163e-08, 0.817688, 0.575662, -1, 0, -4.37114e-08, 2.78553, 1.9469, 0.0724636)

[node name="light4" parent="." instance=ExtResource("1_of4rr")]
transform = Transform3D(0.965926, 0.148992, -0.211633, -2.5163e-08, 0.817688, 0.575662, 0.258819, -0.556047, 0.789826, -0.188282, 1.82791, 2.87943)

[node name="light5" parent="." instance=ExtResource("1_of4rr")]
transform = Transform3D(0.00949445, 0.575636, -0.817651, -3.13263e-08, 0.817688, 0.575662, 0.999955, -0.00546551, 0.00776353, -2.59506, 2.17811, -0.0100856)

[node name="DirectionalLight3D" type="DirectionalLight3D" parent="."]
transform = Transform3D(-0.0596813, 0.519102, -0.852626, 0.0362469, 0.854712, 0.517835, 0.997559, -1.48648e-08, -0.0698262, 0, 0, 0)
shadow_enabled = true
shadow_blur = 0.0
directional_shadow_mode = 1
directional_shadow_max_distance = 10.6
