[gd_scene load_steps=14 format=3 uid="uid://piq1qo6dhgdh"]

[ext_resource type="PackedScene" uid="uid://brpt71jl5cg2q" path="res://scenes/player.tscn" id="1_8teri"]
[ext_resource type="Shader" path="res://shaders/ps1.gdshader" id="1_k7buc"]
[ext_resource type="PackedScene" uid="uid://c0vn3wljxi7nr" path="res://environment/room.tscn" id="5_dow44"]
[ext_resource type="PackedScene" uid="uid://cn77ildhp66sp" path="res://environment/cornerroad.tscn" id="5_rk2qt"]
[ext_resource type="PackedScene" uid="uid://dvvyaffq6qj2p" path="res://environment/emptyroad.tscn" id="5_uw7jg"]
[ext_resource type="PackedScene" uid="uid://dgguda57ajbii" path="res://environment/endroad.tscn" id="6_1xvsr"]
[ext_resource type="PackedScene" uid="uid://06y4ptj1rbp0" path="res://environment/crossroad.tscn" id="6_gbfun"]
[ext_resource type="PackedScene" uid="uid://djru8fesjxq8n" path="res://environment/onewallroad.tscn" id="7_ssf3u"]
[ext_resource type="PackedScene" uid="uid://b3ag2ldapngtl" path="res://environment/light.tscn" id="9_ie124"]

[sub_resource type="ShaderMaterial" id="ShaderMaterial_xegm8"]
shader = ExtResource("1_k7buc")
shader_parameter/enabled = true
shader_parameter/dithering = true
shader_parameter/colors = 12
shader_parameter/dither_size = 1

[sub_resource type="ProceduralSkyMaterial" id="ProceduralSkyMaterial_e2q4g"]
sky_top_color = Color(0.189241, 0.507505, 0.474824, 1)
sky_horizon_color = Color(0.189241, 0.507505, 0.474824, 1)
sky_energy_multiplier = 0.85
ground_bottom_color = Color(0.189241, 0.507505, 0.474824, 1)
ground_horizon_color = Color(0.189241, 0.507505, 0.474824, 1)

[sub_resource type="Sky" id="Sky_6brtm"]
sky_material = SubResource("ProceduralSkyMaterial_e2q4g")

[sub_resource type="Environment" id="Environment_qbkgc"]
background_mode = 2
sky = SubResource("Sky_6brtm")
ambient_light_source = 3
tonemap_mode = 2
glow_enabled = true
fog_enabled = true
fog_mode = 1
fog_light_color = Color(0.155107, 0.442158, 0.374404, 1)
fog_light_energy = 0.19
fog_density = 1.0
fog_depth_begin = 0.0
fog_depth_end = 7.8
volumetric_fog_density = 0.6537
volumetric_fog_emission = Color(0.0976419, 0.254903, 0.226907, 1)
volumetric_fog_emission_energy = 0.0

[node name="SubViewportContainer" type="SubViewportContainer"]
material = SubResource("ShaderMaterial_xegm8")
offset_right = 1152.0
offset_bottom = 646.0
size_flags_horizontal = 3
size_flags_vertical = 3
stretch = true

[node name="SubViewport" type="SubViewport" parent="."]
handle_input_locally = false
scaling_3d_scale = 0.25
audio_listener_enable_3d = true
size = Vector2i(1152, 646)
render_target_update_mode = 4

[node name="Node3D" type="Node3D" parent="SubViewport"]

[node name="Player" parent="SubViewport/Node3D" instance=ExtResource("1_8teri")]
transform = Transform3D(1, 0, 0, 0, 1, 0, 0, 0, 1, 0.303343, 0.531423, 0.293305)

[node name="WorldEnvironment" type="WorldEnvironment" parent="SubViewport/Node3D"]
environment = SubResource("Environment_qbkgc")

[node name="DirectionalLight3D" type="DirectionalLight3D" parent="SubViewport/Node3D"]
transform = Transform3D(-0.0596813, 0.519102, -0.852626, 0.0362469, 0.854713, 0.517834, 0.997559, 0, -0.0698262, 0, 0, 0)
shadow_enabled = true
shadow_blur = 0.0
directional_shadow_mode = 1
directional_shadow_max_distance = 10.6

[node name="AllModules" type="Node3D" parent="SubViewport/Node3D"]

[node name="cornerroad" parent="SubViewport/Node3D/AllModules" instance=ExtResource("5_rk2qt")]
transform = Transform3D(-4.37114e-08, 0, 1, 0, 1, 0, -1, 0, -4.37114e-08, -13, 0, 1)

[node name="crossroad" parent="SubViewport/Node3D/AllModules" instance=ExtResource("6_gbfun")]
transform = Transform3D(1, 0, 0, 0, 1, 0, 0, 0, 1, -23, 0, 6)

[node name="emptyroad" parent="SubViewport/Node3D/AllModules" instance=ExtResource("5_uw7jg")]
transform = Transform3D(1, 0, 0, 0, 1, 0, 0, 0, 1, -18, 0, 6)

[node name="endroad" parent="SubViewport/Node3D/AllModules" instance=ExtResource("6_1xvsr")]
transform = Transform3D(1, 0, 0, 0, 1, 0, 0, 0, 1, -18, 0, 1)

[node name="onewallroad" parent="SubViewport/Node3D/AllModules" instance=ExtResource("7_ssf3u")]
transform = Transform3D(1, 0, 0, 0, 1, 0, 0, 0, 1, -13, 0, 6)

[node name="level" type="Node3D" parent="SubViewport/Node3D"]

[node name="room" parent="SubViewport/Node3D/level" instance=ExtResource("5_dow44")]

[node name="lights" type="Node3D" parent="SubViewport/Node3D"]

[node name="light3" parent="SubViewport/Node3D/lights" instance=ExtResource("9_ie124")]
transform = Transform3D(-3.57423e-08, -0.575662, 0.817688, -2.5163e-08, 0.817688, 0.575662, -1, 0, -4.37114e-08, 2.78553, 1.9469, 0.0724636)

[node name="light4" parent="SubViewport/Node3D/lights" instance=ExtResource("9_ie124")]
transform = Transform3D(0.965926, 0.148992, -0.211633, -2.5163e-08, 0.817688, 0.575662, 0.258819, -0.556047, 0.789826, -0.188282, 1.82791, 2.87943)

[node name="light5" parent="SubViewport/Node3D/lights" instance=ExtResource("9_ie124")]
transform = Transform3D(0.00949445, 0.575636, -0.817651, -3.13263e-08, 0.817688, 0.575662, 0.999955, -0.00546551, 0.00776353, -2.59506, 2.17811, -0.0100856)
